0.00010127
0.0148214
0.0286916
0.042647
0.0559365
0.0693837
0.0821125
0.0951098
0.108148
0.119982
0.131312
0.143152
0.154329
0.165395
0.177573
0.186892
0.197132
0.208525
0.218623
0.228235
0.235778
0.243127
0.251887
0.261297
0.26815
0.275122
0.282566
0.290345
0.296466
0.304052
0.310581
0.314949
0.321474
0.326363
0.334656
0.337207
0.342249
0.350953
0.35306
0.351194
0.358755
0.357575
0.372192
0.374105
0.377002
0.365891
0.368535
0.375439
0.372318
0.368546
0.367951
0.3712
0.372231
0.372838
0.371673
0.368971
0.369534
0.365759
0.36235
0.362207
0.360429
0.355631
0.352496
0.34984
0.346838
0.342937
0.337249
0.333876
0.329642
0.323535
0.320047
0.312158
0.304921
0.300441
0.292782
0.286389
0.2782
0.270077
0.263143
0.256369
0.247189
0.237458
0.229054
0.220601
0.209183
0.19938
0.189503
0.177781
0.168667
0.154777
0.147381
0.134099
0.119929
0.10707
0.0935949
0.079926
0.0648635
0.0512269
0.036924
0.0191268
