9.97e-06
0.0180974
0.0164537
0.0207677
0.0313377
0.020789
0.0172516
0.0233451
0.0300233
0.022568
0.0249858
0.0220652
0.0270039
0.0305312
0.0302005
0.0345353
0.0430671
0.023826
0.0282702
0.026856
0.0307713
0.0311916
0.032044
0.0352505
0.0334784
0.0316188
0.0379749
0.0430721
0.0377265
0.0368567
0.0375392
0.0451286
0.042001
0.0310217
0.0336052
0.0311091
0.0385792
0.0370086
0.0384866
0.0362877
0.0379631
0.0352384
0.0395984
0.0393231
0.038199
0.0443729
0.0362446
0.0334295
0.0384023
0.0369342
0.0363811
0.0343605
0.0362352
0.0386452
0.0375912
0.0359008
0.0352203
0.0408202
0.036608
0.0406956
0.0347393
0.0397342
0.0413908
0.0375886
0.036876
0.0324618
0.0319594
0.0295718
0.0309476
0.0315273
0.0320908
0.0310728
0.0316689
0.0319028
0.0283486
0.0275575
0.0284669
0.028022
0.0279671
0.0264919
0.0277262
0.0264214
0.0278458
0.0274361
0.0253564
0.0252534
0.0256625
0.0226485
0.0228525
0.0214368
0.0214454
0.0217228
0.0206908
0.019965
0.018095
0.0169508
0.0170644
0.0148662
0.0133974
0.0112802
